nx  nex  dof  conds   lambda_max  lambda_min 
1  2  9   5.1981e+01   6.1320e-02   1.1797e-03
2  2  16   8.4926e+02   2.4402e-02   2.8733e-05
3  2  25   2.7703e+04   1.1684e-02   4.2176e-07
4  2  36   1.2774e+06   6.4145e-03   5.0214e-09
5  2  49   6.6034e+07   3.8784e-03   5.8734e-11
6  2  64   3.5618e+09   2.5166e-03   7.0656e-13
7  2  81   1.9618e+11   1.7228e-03   8.7817e-15
8  2  100   1.0955e+13   1.2299e-03   1.1227e-16
1  3  16   5.6496e+01   2.5568e-02   4.5256e-04
2  3  25   1.0932e+03   1.7021e-02   1.5570e-05
3  3  36   2.2114e+04   9.4938e-03   4.2931e-07
4  3  49   7.7906e+05   5.5693e-03   7.1487e-09
5  3  64   3.8132e+07   3.4917e-03   9.1568e-11
6  3  81   2.1180e+09   2.3173e-03   1.0941e-12
7  3  100   1.2264e+11   1.6107e-03   1.3134e-14
8  3  121   7.1923e+12   1.1625e-03   1.6163e-16
1  4  25   5.7797e+01   1.2444e-02   2.1530e-04
2  4  36   1.1488e+03   1.0008e-02   8.7118e-06
3  4  49   2.2625e+04   7.2898e-03   3.2220e-07
4  4  64   5.6018e+05   4.7430e-03   8.4668e-09
5  4  81   2.1553e+07   3.1246e-03   1.4497e-10
6  4  100   1.1133e+09   2.1327e-03   1.9157e-12
7  4  121   6.5476e+10   1.5090e-03   2.3046e-14
8  4  144   4.0220e+12   1.1023e-03   2.7407e-16
1  5  36   5.8538e+01   6.8577e-03   1.1715e-04
2  5  49   1.1504e+03   6.0004e-03   5.2161e-06
3  5  64   2.2085e+04   4.9798e-03   2.2548e-07
4  5  81   4.9773e+05   3.8317e-03   7.6983e-09
5  5  100   1.4310e+07   2.7266e-03   1.9054e-10
6  5  121   5.9374e+08   1.9372e-03   3.2627e-12
7  5  144   3.2117e+10   1.4034e-03   4.3695e-14
8  5  169   1.9781e+12   1.0409e-03   5.2619e-16
1  6  49   5.9206e+01   4.1424e-03   6.9966e-05
2  6  64   1.1418e+03   3.7874e-03   3.3171e-06
3  6  81   2.1293e+04   3.3592e-03   1.5776e-07
4  6  100   4.5342e+05   2.8472e-03   6.2794e-09
5  6  121   1.1522e+07   2.2772e-03   1.9764e-10
6  6  144   3.7038e+08   1.7185e-03   4.6400e-12
7  6  169   1.6360e+10   1.2875e-03   7.8695e-14
8  6  196   9.2042e+11   9.7470e-04   1.0590e-15
1  7  64   5.9850e+01   2.6804e-03   4.4786e-05
2  7  81   1.1344e+03   2.5143e-03   2.2164e-06
3  7  100   2.0582e+04   2.3144e-03   1.1245e-07
4  7  121   4.1994e+05   2.0717e-03   4.9333e-09
5  7  144   9.8735e+06   1.7856e-03   1.8085e-10
6  7  169   2.7662e+08   1.4698e-03   5.3134e-12
7  7  196   9.7009e+09   1.1563e-03   1.1919e-13
8  7  225   4.5156e+11   9.0088e-04   1.9951e-15
1  8  81   6.0446e+01   1.8288e-03   3.0256e-05
2  8  100   1.1304e+03   1.7433e-03   1.5422e-06
3  8  121   2.0023e+04   1.6413e-03   8.1971e-08
4  8  144   3.9483e+05   1.5176e-03   3.8436e-09
5  8  169   8.7864e+06   1.3691e-03   1.5582e-10
6  8  196   2.2458e+08   1.1963e-03   5.3269e-12
7  8  225   6.8201e+09   1.0068e-03   1.4763e-13
8  8  256   2.5662e+11   8.1694e-04   3.1834e-15
1  9  100   6.0971e+01   1.3011e-03   2.1341e-05
2  9  121   1.1295e+03   1.2537e-03   1.1100e-06
3  9  144   1.9609e+04   1.1977e-03   6.1080e-08
4  9  169   3.7608e+05   1.1303e-03   3.0054e-09
5  9  196   8.0297e+06   1.0492e-03   1.3066e-10
6  9  225   1.9228e+08   9.5296e-04   4.9562e-12
7  9  256   5.2772e+09   8.4226e-04   1.5960e-13
8  9  289   1.7154e+11   7.2148e-04   4.2059e-15
1  10  121   6.1416e+01   9.5754e-04   1.5591e-05
2  10  144   1.1309e+03   9.2962e-04   8.2204e-07
3  10  169   1.9314e+04   8.9698e-04   4.6441e-08
4  10  196   3.6209e+05   8.5800e-04   2.3696e-09
5  10  225   7.4850e+06   8.1136e-04   1.0840e-10
6  10  256   1.7075e+08   7.5581e-04   4.4264e-12
7  10  289   4.3548e+09   6.9063e-04   1.5859e-13
8  10  324   1.2714e+11   6.1632e-04   4.8474e-15
1  12  169   6.2095e+01   5.6117e-04   9.0373e-06
2  12  196   1.1371e+03   5.5004e-04   4.8374e-07
3  12  225   1.8980e+04   5.3726e-04   2.8307e-08
4  12  256   3.4386e+05   5.2229e-04   1.5189e-09
5  12  289   6.7830e+06   5.0464e-04   7.4397e-11
6  12  324   1.4477e+08   4.8379e-04   3.3419e-12
7  12  361   3.3512e+09   4.5921e-04   1.3703e-13
8  12  400   8.5057e+10   4.3045e-04   5.0608e-15
1  14  225   6.2557e+01   3.5617e-04   5.6935e-06
2  14  256   1.1446e+03   3.5106e-04   3.0672e-07
3  14  289   1.8856e+04   3.4529e-04   1.8312e-08
4  14  324   3.3388e+05   3.3863e-04   1.0142e-09
5  14  361   6.3818e+06   3.3091e-04   5.1852e-11
6  14  400   1.3049e+08   3.2192e-04   2.4671e-12
7  14  441   2.8466e+09   3.1142e-04   1.0940e-13
8  14  484   6.6496e+10   2.9918e-04   4.4991e-15
1  16  289   6.2875e+01   2.3984e-04   3.8146e-06
2  16  324   1.1514e+03   2.3724e-04   2.0605e-07
3  16  361   1.8839e+04   2.3434e-04   1.2439e-08
4  16  400   3.2867e+05   2.3105e-04   7.0298e-10
5  16  441   6.1481e+06   2.2728e-04   3.6967e-11
6  16  484   1.2210e+08   2.2294e-04   1.8260e-12
7  16  529   2.5614e+09   2.1795e-04   8.5089e-14
8  16  576   5.6757e+10   2.1218e-04   3.7383e-15
1  20  441   6.3265e+01   1.2356e-04   1.9531e-06
2  20  484   1.1615e+03   1.2272e-04   1.0566e-07
3  20  529   1.8920e+04   1.2180e-04   6.4378e-09
4  20  576   3.2525e+05   1.2078e-04   3.7135e-10
5  20  625   5.9369e+06   1.1964e-04   2.0152e-11
6  20  676   1.1391e+08   1.1835e-04   1.0390e-12
7  20  729   2.2823e+09   1.1690e-04   5.1221e-14
8  20  784   4.7603e+10   1.1527e-04   2.4214e-15
1  24  625   6.3483e+01   7.1754e-05   1.1303e-06
2  24  676   1.1677e+03   7.1420e-05   6.1163e-08
3  24  729   1.9021e+04   7.1059e-05   3.7359e-09
4  24  784   3.2541e+05   7.0664e-05   2.1715e-10
5  24  841   5.8780e+06   7.0230e-05   1.1948e-11
6  24  900   1.1094e+08   6.9750e-05   6.2874e-13
7  24  961   2.1719e+09   6.9218e-05   3.1870e-14
8  24  1024   4.3931e+10   6.8628e-05   1.5622e-15

