nx  nex  dof  conds   lambda_max  lambda_min 
1  2  9   1.0000e+00   1.3333e+00   1.3333e+00
2  2  16   1.6000e+01   5.6889e-01   3.5556e-02
3  2  25   4.8456e+02   3.3113e-01   6.8336e-04
4  2  36   1.9047e+04   2.2442e-01   1.1782e-05
5  2  49   8.7703e+05   1.7174e-01   1.9581e-07
6  2  64   4.3951e+07   1.4115e-01   3.2115e-09
7  2  81   2.2958e+09   1.2028e-01   5.2394e-11
8  2  100   1.2285e+11   1.0473e-01   8.5254e-13
1  3  16   1.4000e+00   9.7222e-01   6.9444e-01
2  3  25   2.0217e+01   4.7922e-01   2.3704e-02
3  3  36   4.1124e+02   3.0038e-01   7.3042e-04
4  3  49   1.5230e+04   2.2942e-01   1.5063e-05
5  3  64   7.2804e+05   1.8902e-01   2.5963e-07
6  3  81   3.7996e+07   1.6049e-01   4.2240e-09
7  3  100   2.0571e+09   1.3916e-01   6.7652e-11
8  3  121   1.1363e+11   1.2273e-01   1.0801e-12
1  4  25   2.2612e+00   8.0893e-01   3.5774e-01
2  4  36   2.0542e+01   3.6520e-01   1.7778e-02
3  4  49   4.1923e+02   2.8604e-01   6.8230e-04
4  4  64   1.1694e+04   2.3765e-01   2.0322e-05
5  4  81   4.8062e+05   2.0263e-01   4.2160e-07
6  4  100   2.4793e+07   1.7666e-01   7.1255e-09
7  4  121   1.4065e+09   1.5670e-01   1.1141e-10
8  4  144   8.2525e+10   1.4084e-01   1.7067e-12
1  5  36   3.4400e+00   6.9120e-01   2.0093e-01
2  5  49   2.0691e+01   2.9428e-01   1.4222e-02
3  5  64   4.2605e+02   2.6174e-01   6.1435e-04
4  5  81   1.0883e+04   2.4530e-01   2.2540e-05
5  5  100   3.5011e+05   2.2152e-01   6.3272e-07
6  5  121   1.5562e+07   1.9975e-01   1.2836e-08
7  5  144   8.5560e+08   1.8109e-01   2.1165e-10
8  5  169   5.1768e+10   1.6512e-01   3.1897e-12
1  6  49   4.9065e+00   5.9995e-01   1.2228e-01
2  6  64   2.0570e+01   2.4380e-01   1.1852e-02
3  6  81   4.2036e+02   2.3147e-01   5.5064e-04
4  6  100   1.0302e+04   2.3491e-01   2.2803e-05
5  6  121   2.9785e+05   2.3219e-01   7.7956e-07
6  6  144   1.0638e+07   2.1898e-01   2.0585e-08
7  6  169   5.0162e+08   2.0336e-01   4.0540e-10
8  6  196   2.8842e+10   1.8824e-01   6.5264e-12
1  7  64   6.6511e+00   5.2791e-01   7.9372e-02
2  7  81   2.0663e+01   2.0991e-01   1.0159e-02
3  7  100   4.1409e+02   2.0529e-01   4.9576e-04
4  7  121   9.8507e+03   2.1831e-01   2.2162e-05
5  7  144   2.6600e+05   2.2820e-01   8.5789e-07
6  7  169   8.3653e+06   2.2881e-01   2.7352e-08
7  7  196   3.2176e+08   2.1984e-01   6.8324e-10
8  7  225   1.5894e+10   2.0759e-01   1.3061e-11
1  8  81   8.6701e+00   4.7018e-01   5.4230e-02
2  8  100   2.0902e+01   1.8580e-01   8.8889e-03
3  8  121   4.0968e+02   1.8410e-01   4.4938e-04
4  8  144   9.4909e+03   2.0082e-01   2.1160e-05
5  8  169   2.4407e+05   2.1696e-01   8.8895e-07
6  8  196   7.0503e+06   2.2688e-01   3.2180e-08
7  8  225   2.3699e+08   2.2837e-01   9.6362e-10
8  8  256   9.6722e+09   2.2172e-01   2.2924e-11
1  9  100   1.0962e+01   4.2317e-01   3.8605e-02
2  9  121   2.0894e+01   1.6509e-01   7.9012e-03
3  9  144   4.0453e+02   1.6593e-01   4.1018e-04
4  9  169   9.1918e+03   1.8428e-01   2.0049e-05
5  9  196   2.2808e+05   2.0333e-01   8.9149e-07
6  9  225   6.2063e+06   2.1851e-01   3.5208e-08
7  9  256   1.8974e+08   2.2751e-01   1.1991e-09
8  9  289   6.7465e+09   2.2921e-01   3.3974e-11
1  10  121   1.3525e+01   3.8432e-01   2.8416e-02
2  10  144   2.0816e+01   1.4802e-01   7.1111e-03
3  10  169   4.0056e+02   1.5095e-01   3.7684e-04
4  10  196   8.9480e+03   1.6948e-01   1.8941e-05
5  10  225   2.1603e+05   1.8962e-01   8.7772e-07
6  10  256   5.6254e+06   2.0743e-01   3.6875e-08
7  10  289   1.6059e+08   2.2099e-01   1.3761e-09
8  10  324   5.1591e+09   2.2895e-01   4.4378e-11
1  12  169   1.9464e+01   3.2412e-01   1.6652e-02
2  12  196   2.0988e+01   1.2437e-01   5.9259e-03
3  12  225   3.9421e+02   1.2753e-01   3.2351e-04
4  12  256   8.5861e+03   1.4510e-01   1.6900e-05
5  12  289   1.9933e+05   1.6497e-01   8.2763e-07
6  12  324   4.8893e+06   1.8417e-01   3.7669e-08
7  12  361   1.2760e+08   2.0142e-01   1.5786e-09
8  12  400   3.5929e+09   2.1578e-01   6.0057e-11
1  14  225   2.6486e+01   2.7986e-01   1.0566e-02
2  14  256   2.1015e+01   1.0674e-01   5.0794e-03
3  14  289   3.8937e+02   1.1018e-01   2.8296e-04
4  14  324   8.3353e+03   1.2631e-01   1.5153e-05
5  14  361   1.8855e+05   1.4484e-01   7.6818e-07
6  14  400   4.4524e+06   1.6339e-01   3.6697e-08
7  14  441   1.1002e+08   1.8106e-01   1.6456e-09
8  14  484   2.8665e+09   1.9723e-01   6.8803e-11
1  16  289   3.4590e+01   2.4606e-01   7.1135e-03
2  16  324   2.0985e+01   9.3265e-02   4.4444e-03
3  16  361   3.8575e+02   9.6901e-02   2.5120e-04
4  16  400   8.1566e+03   1.1159e-01   1.3681e-05
5  16  441   1.8123e+05   1.2861e-01   7.0965e-07
6  16  484   4.1713e+06   1.4595e-01   3.4990e-08
7  16  529   9.9453e+07   1.6291e-01   1.6381e-09
8  16  576   2.4664e+09   1.7908e-01   7.2607e-11
1  20  441   5.4042e+01   1.9797e-01   3.6632e-03
2  20  484   2.1051e+01   7.4848e-02   3.5556e-03
3  20  529   3.8078e+02   7.7975e-02   2.0478e-04
4  20  576   7.9313e+03   9.0245e-02   1.1378e-05
5  20  625   1.7244e+05   1.0458e-01   6.0644e-07
6  20  676   3.8488e+06   1.1941e-01   3.1024e-08
7  20  729   8.7973e+07   1.3425e-01   1.5260e-09
8  20  784   2.0615e+09   1.4886e-01   7.2212e-11
1  24  625   7.7817e+01   1.6549e-01   2.1266e-03
2  24  676   2.9523e+01   6.2427e-02   2.1145e-03
3  24  729   3.7774e+02   6.5181e-02   1.7256e-04
4  24  784   7.8082e+03   7.5632e-02   9.6863e-06
5  24  841   1.6789e+05   8.7877e-02   5.2341e-07
6  24  900   3.6878e+06   1.0063e-01   2.7288e-08
7  24  961   8.2456e+07   1.1351e-01   1.3766e-09
8  24  1024   1.8764e+09   1.2635e-01   6.7336e-11


