nx  nex  dof  conds   lambda_max  lambda_min 
1  2  9   1.0000e+00   2.8800e+02   2.8800e+02
2  2  16   4.0000e+00   1.2000e+02   3.0000e+01
3  2  25   9.5471e+00   2.8275e+02   2.9617e+01
4  2  36   1.8671e+01   5.5283e+02   2.9609e+01
5  2  49   3.2834e+01   9.7217e+02   2.9609e+01
6  2  64   5.3794e+01   1.5928e+03   2.9609e+01
7  2  81   8.3567e+01   2.4743e+03   2.9609e+01
8  2  100   1.2440e+02   3.6834e+03   2.9609e+01
1  3  16   5.0000e+00   1.6200e+02   3.2400e+01
2  3  25   9.1000e+00   2.7000e+02   2.9670e+01
3  3  36   1.7327e+01   5.1307e+02   2.9611e+01
4  3  49   3.0975e+01   9.1713e+02   2.9609e+01
5  3  64   5.1919e+01   1.5373e+03   2.9609e+01
6  3  81   8.2301e+01   2.4368e+03   2.9609e+01
7  3  100   1.2449e+02   3.6859e+03   2.9609e+01
8  3  121   1.8107e+02   5.3614e+03   2.9609e+01
1  4  25   1.2204e+01   3.8027e+02   3.1160e+01
2  4  36   1.6202e+01   4.8000e+02   2.9627e+01
3  4  49   2.7713e+01   8.2056e+02   2.9609e+01
4  4  64   4.7637e+01   1.4105e+03   2.9609e+01
5  4  81   7.8123e+01   2.3131e+03   2.9609e+01
6  4  100   1.2165e+02   3.6019e+03   2.9609e+01
7  4  121   1.8098e+02   5.3585e+03   2.9609e+01
8  4  144   2.5914e+02   7.6729e+03   2.9609e+01
1  5  36   2.2341e+01   6.8352e+02   3.0595e+01
2  5  49   2.5324e+01   7.5000e+02   2.9616e+01
3  5  64   4.0807e+01   1.2083e+03   2.9609e+01
4  5  81   6.8991e+01   2.0427e+03   2.9609e+01
5  5  100   1.1201e+02   3.3164e+03   2.9609e+01
6  5  121   1.7264e+02   5.1117e+03   2.9609e+01
7  5  144   2.5411e+02   7.5239e+03   2.9609e+01
8  5  169   3.5995e+02   1.0658e+04   2.9609e+01
1  6  49   3.5202e+01   1.0663e+03   3.0291e+01
2  6  64   3.6472e+01   1.0800e+03   2.9612e+01
3  6  81   5.6693e+01   1.6786e+03   2.9609e+01
4  6  100   9.5238e+01   2.8199e+03   2.9609e+01
5  6  121   1.5389e+02   4.5564e+03   2.9609e+01
6  6  144   2.3576e+02   6.9806e+03   2.9609e+01
7  6  169   3.4461e+02   1.0204e+04   2.9609e+01
8  6  196   4.8456e+02   1.4347e+04   2.9609e+01
1  7  64   5.0668e+01   1.5256e+03   3.0109e+01
2  7  81   4.9644e+01   1.4700e+03   2.9611e+01
3  7  100   7.5437e+01   2.2336e+03   2.9609e+01
4  7  121   1.2648e+02   3.7450e+03   2.9609e+01
5  7  144   2.0389e+02   6.0370e+03   2.9609e+01
6  7  169   3.1123e+02   9.2151e+03   2.9609e+01
7  7  196   4.5287e+02   1.3409e+04   2.9609e+01
8  7  225   6.3355e+02   1.8759e+04   2.9609e+01
1  8  81   6.8671e+01   2.0595e+03   2.9991e+01
2  8  100   6.4843e+01   1.9200e+03   2.9610e+01
3  8  121   9.7096e+01   2.8749e+03   2.9609e+01
4  8  144   1.6278e+02   4.8198e+03   2.9609e+01
5  8  169   2.6207e+02   7.7596e+03   2.9609e+01
6  8  196   3.9911e+02   1.1817e+04   2.9609e+01
7  8  225   5.7900e+02   1.7144e+04   2.9609e+01
8  8  256   8.0722e+02   2.3901e+04   2.9609e+01
1  9  100   8.9173e+01   2.6672e+03   2.9911e+01
2  9  121   8.2068e+01   2.4300e+03   2.9609e+01
3  9  144   1.2171e+02   3.6037e+03   2.9609e+01
4  9  169   2.0416e+02   6.0450e+03   2.9609e+01
5  9  196   3.2842e+02   9.7242e+03   2.9609e+01
6  9  225   4.9939e+02   1.4786e+04   2.9609e+01
7  9  256   7.2304e+02   2.1408e+04   2.9609e+01
8  9  289   1.0057e+03   2.9776e+04   2.9609e+01
1  10  121   1.1215e+02   3.3480e+03   2.9853e+01
2  10  144   1.0132e+02   3.0000e+03   2.9609e+01
3  10  169   1.4931e+02   4.4209e+03   2.9609e+01
4  10  196   2.5063e+02   7.4207e+03   2.9609e+01
5  10  225   4.0293e+02   1.1930e+04   2.9609e+01
6  10  256   6.1205e+02   1.8122e+04   2.9609e+01
7  10  289   8.8494e+02   2.6202e+04   2.9609e+01
8  10  324   1.2288e+03   3.6384e+04   2.9609e+01
1  12  169   1.6548e+02   4.9278e+03   2.9778e+01
2  12  196   1.4590e+02   4.3200e+03   2.9609e+01
3  12  225   2.1352e+02   6.3219e+03   2.9609e+01
4  12  256   3.5879e+02   1.0623e+04   2.9609e+01
5  12  289   5.7637e+02   1.7066e+04   2.9609e+01
6  12  324   8.7434e+02   2.5888e+04   2.9609e+01
7  12  361   1.2621e+03   3.7369e+04   2.9609e+01
8  12  400   1.7491e+03   5.1788e+04   2.9609e+01
1  14  225   2.2860e+02   6.7971e+03   2.9733e+01
2  14  256   1.9859e+02   5.8800e+03   2.9609e+01
3  14  289   2.8974e+02   8.5788e+03   2.9609e+01
4  14  324   4.8718e+02   1.4425e+04   2.9609e+01
5  14  361   7.8223e+02   2.3161e+04   2.9609e+01
6  14  400   1.1857e+03   3.5108e+04   2.9609e+01
7  14  441   1.7100e+03   5.0631e+04   2.9609e+01
8  14  484   2.3673e+03   7.0093e+04   2.9609e+01
1  16  289   3.0149e+02   8.9554e+03   2.9704e+01
2  16  324   2.5938e+02   7.6800e+03   2.9609e+01
3  16  361   3.7793e+02   1.1190e+04   2.9609e+01
4  16  400   6.3568e+02   1.8822e+04   2.9609e+01
5  16  441   1.0204e+03   3.0212e+04   2.9609e+01
6  16  484   1.5460e+03   4.5774e+04   2.9609e+01
7  16  529   2.2283e+03   6.5979e+04   2.9609e+01
8  16  576   3.0831e+03   9.1286e+04   2.9609e+01
1  20  441   4.7649e+02   1.4137e+04   2.9670e+01
2  20  484   4.0528e+02   1.2000e+04   2.9609e+01
3  20  529   5.9004e+02   1.7470e+04   2.9609e+01
4  20  576   9.9268e+02   2.9392e+04   2.9609e+01
5  20  625   1.5930e+03   4.7166e+04   2.9609e+01
6  20  676   2.4125e+03   7.1430e+04   2.9609e+01
7  20  729   3.4754e+03   1.0290e+05   2.9609e+01
8  20  784   4.8056e+03   1.4229e+05   2.9609e+01
1  24  625   6.9043e+02   2.0472e+04   2.9651e+01
2  24  676   5.8361e+02   1.7280e+04   2.9609e+01
3  24  729   8.4953e+02   2.5154e+04   2.9609e+01
4  24  784   1.4293e+03   4.2320e+04   2.9609e+01
5  24  841   2.2935e+03   6.7907e+04   2.9609e+01
6  24  900   3.4728e+03   1.0283e+05   2.9609e+01
7  24  961   5.0020e+03   1.4810e+05   2.9609e+01
8  24  1024   6.9147e+03   2.0474e+05   2.9609e+01

